0 0 51 0 14 0 5 20 10 0
0 0 51 0 15 0 3 20 11 0
0 0 51 0 15 0 3 21 10 0
0 0 52 0 12 1 5 20 9 1
0 0 52 0 12 1 5 20 10 0
0 0 52 0 13 0 4 20 9 2
0 0 52 0 13 0 4 20 10 1
0 0 52 0 13 0 4 20 11 0
0 0 52 0 13 0 5 19 9 2
0 0 52 0 13 0 5 19 10 1
0 0 52 0 13 0 5 19 11 0
0 0 52 0 13 0 5 20 8 2
0 0 52 0 13 0 5 20 9 1
0 0 52 0 13 0 5 20 10 0
0 0 52 0 13 1 4 20 10 0
0 0 52 0 14 0 3 20 10 1
0 0 52 0 14 0 3 20 11 0
0 0 52 0 14 0 3 21 10 0
0 0 52 0 14 0 4 20 9 1
0 0 52 0 14 0 4 20 10 0
0 0 52 0 14 0 4 21 9 0
0 0 52 0 14 0 5 19 10 0
0 0 52 0 14 0 5 20 9 0
0 0 52 0 14 0 5 21 8 0
0 0 52 0 15 0 3 19 11 0
0 0 52 0 15 0 3 20 10 0
0 0 52 0 15 0 3 21 9 0
0 0 52 0 15 0 3 22 8 0
0 0 52 0 15 0 4 19 10 0
0 0 52 0 15 0 4 20 9 0
1 0 2 1 0 1 45 38 0 12
1 0 2 1 0 0 46 38 0 12
1 1 3 1 0 0 45 38 0 11
0 0 5 1 0 0 45 38 0 11
1 0 3 0 0 0 46 38 0 12
1 0 4 1 0 0 45 38 0 11
0 1 4 1 0 0 45 38 0 11
1 0 5 2 0 0 45 37 0 10
0 0 4 0 0 0 46 38 0 12
0 0 3 1 0 0 45 38 0 13
1 0 3 1 0 0 45 38 0 12
0 0 3 0 0 1 45 37 0 14
1 0 5 1 0 0 45 37 0 11
0 0 4 1 0 0 45 38 0 12
0 0 4 0 0 0 45 38 0 13
0 0 4 0 0 1 45 38 0 12
0 0 3 2 0 1 44 38 0 12
1 0 2 0 0 0 45 38 0 14
0 0 3 0 0 0 45 38 0 14
0 0 5 2 0 1 44 38 0 10
0 0 5 0 0 0 46 38 0 11
0 0 3 2 0 0 45 38 0 12
1 0 4 0 0 0 46 38 0 11
1 0 3 1 0 0 46 38 0 11
1 0 6 2 0 0 44 37 0 10
0 1 3 1 0 0 45 38 0 12
1 0 6 1 0 0 45 37 0 10
0 0 2 1 0 0 45 38 0 14
0 0 5 1 0 1 45 38 0 10
0 0 3 1 0 1 45 38 0 12
